service_id,monday,tuesday,wednesday,thursday,friday,saturday,sunday,start_date,end_date
1,1,1,1,1,1,1,1,20251214,20261212
2,1,1,1,1,1,1,1,20251214,20261212
3,1,1,1,1,1,1,1,20251214,20261212
4,1,1,1,1,1,1,1,20251214,20261212
5,1,1,1,1,1,1,1,20251214,20261212
6,1,1,1,1,1,0,1,20251214,20261212
7,1,1,1,1,1,1,1,20251214,20261212
8,1,1,1,1,1,1,0,20251214,20261212
9,1,1,1,1,1,0,1,20251214,20261212
10,1,1,1,1,1,0,0,20251214,20261212
11,1,1,1,1,1,0,1,20251214,20261212
12,1,1,1,1,1,1,1,20251214,20261212
13,1,0,0,0,0,1,0,20251214,20261212
14,0,0,0,0,0,1,0,20251214,20261212
15,1,1,1,1,1,1,1,20251214,20261212
16,0,0,0,0,0,1,0,20251214,20261212
17,0,0,0,0,0,0,0,20251214,20261212
18,0,0,0,0,0,1,0,20251214,20261212
19,0,0,0,0,0,1,0,20251214,20261212
20,0,0,0,0,0,1,0,20251214,20261212
21,0,0,0,0,0,1,0,20251214,20261212
22,1,1,1,1,1,1,1,20251214,20261212
23,1,1,1,1,1,1,1,20251214,20261212
24,1,1,1,1,1,1,1,20251214,20261212
25,1,1,1,1,1,1,1,20251214,20261212
26,1,1,1,1,1,1,1,20251214,20261212
27,1,1,1,1,1,1,1,20251214,20261212
28,1,1,1,1,1,1,1,20251214,20261212
29,1,1,1,1,1,1,1,20251214,20261212
30,1,1,1,1,1,1,1,20251214,20261212
31,1,1,1,1,1,1,1,20251214,20261212
32,1,1,1,1,1,1,1,20251214,20261212
33,1,1,1,1,1,1,1,20251214,20261212
34,1,1,1,1,1,1,1,20251214,20261212
35,1,1,1,1,1,0,0,20251214,20261212
36,1,1,1,1,1,0,0,20251214,20261212
37,1,1,1,1,1,1,1,20251214,20261212
38,1,1,1,1,1,1,1,20251214,20261212
39,1,1,1,1,1,1,1,20251214,20261212
40,1,1,1,1,1,1,0,20251214,20261212
41,1,1,1,1,1,1,1,20251214,20261212
42,1,1,1,1,1,1,0,20251214,20261212
43,1,1,1,1,1,0,0,20251214,20261212
44,1,1,1,1,1,1,1,20251214,20261212
45,1,1,1,1,1,1,1,20251214,20261212
46,1,1,1,1,1,1,1,20251214,20261212
47,1,1,1,1,1,1,1,20251214,20261212
48,1,1,1,1,1,1,1,20251214,20261212
49,1,1,1,1,1,0,0,20251214,20261212
50,1,1,1,1,1,1,0,20251214,20261212
51,1,1,1,1,1,0,0,20251214,20261212
52,0,0,0,0,0,1,1,20251214,20261212
53,1,1,1,1,1,1,1,20251214,20261212
54,1,1,1,1,1,0,1,20251214,20261212
55,1,1,1,1,1,0,0,20251214,20261212
56,1,1,1,1,1,0,1,20251214,20261212
57,1,1,1,1,1,1,1,20251214,20261212
58,1,1,1,1,1,1,1,20251214,20261212
59,1,0,0,0,1,1,1,20251214,20261212
60,1,1,1,1,1,1,1,20251214,20261212
61,1,1,1,1,1,1,1,20251214,20261212
62,1,1,1,1,1,1,1,20251214,20261212
63,0,0,0,0,0,0,0,20251214,20261212
64,1,1,1,1,1,1,1,20251214,20261212
65,1,0,0,0,1,1,1,20251214,20261212
66,1,1,0,0,0,1,1,20251214,20261212
67,1,1,1,1,1,1,1,20251214,20261212
68,1,1,1,1,1,0,1,20251214,20261212
69,1,1,1,1,0,0,0,20251214,20261212
70,1,1,1,1,1,1,1,20251214,20261212
71,1,1,1,1,1,0,0,20251214,20261212
72,1,1,1,1,1,0,0,20251214,20261212
73,1,1,1,1,1,1,1,20251214,20261212
74,1,1,1,1,1,1,1,20251214,20261212
75,1,1,1,1,1,1,0,20251214,20261212
76,1,1,1,1,1,1,1,20251214,20261212
77,1,1,1,1,1,1,1,20251214,20261212
78,1,1,1,1,1,0,0,20251214,20261212
79,1,1,1,1,1,1,1,20251214,20261212
80,1,1,1,1,1,0,0,20251214,20261212
81,1,1,1,1,0,0,1,20251214,20261212
82,1,1,1,1,1,0,1,20251214,20261212
83,1,1,1,1,1,1,1,20251214,20261212
84,1,1,1,1,1,1,1,20251214,20261212
85,1,1,1,1,1,1,1,20251214,20261212
86,1,1,1,1,1,1,1,20251214,20261212
87,1,1,1,1,1,1,1,20251214,20261212
88,1,1,1,1,1,1,1,20251214,20261212
89,1,1,1,1,1,1,1,20251214,20261212
90,1,1,1,1,1,0,0,20251214,20261212
91,1,1,1,1,1,1,1,20251214,20261212
92,1,1,1,1,1,1,1,20251214,20261212
93,1,1,1,1,1,0,0,20251214,20261212
94,1,1,1,1,1,1,1,20251214,20261212
95,1,1,1,1,1,1,1,20251214,20261212
96,1,1,1,1,1,0,1,20251214,20261212
97,0,0,0,0,0,1,0,20251214,20261212
98,1,1,1,1,1,0,0,20251214,20261212
99,0,0,0,0,0,0,0,20251214,20261212
100,1,1,1,1,1,1,0,20251214,20261212
101,1,1,1,1,1,1,1,20251214,20261212
102,1,1,1,1,1,1,1,20251214,20261212
103,1,1,1,1,1,0,1,20251214,20261212
104,1,1,1,1,1,0,0,20251214,20261212
105,0,0,0,0,0,1,1,20251214,20261212
106,1,1,1,1,1,1,1,20251214,20261212
107,1,1,1,1,1,0,0,20251214,20261212
108,1,1,1,1,1,1,1,20251214,20261212
109,1,1,1,1,1,1,1,20251214,20261212
110,1,1,1,1,1,1,1,20251214,20261212
111,1,1,1,1,1,1,1,20251214,20261212
112,1,1,1,1,1,0,0,20251214,20261212
113,0,0,0,0,0,0,1,20251214,20261212
114,1,1,1,1,1,0,0,20251214,20261212
115,0,1,1,1,1,1,0,20251214,20261212
116,1,1,1,1,1,1,1,20251214,20261212
117,1,1,1,1,1,1,1,20251214,20261212
118,1,1,1,1,1,0,0,20251214,20261212
119,1,1,1,1,1,1,1,20251214,20261212
120,1,1,1,1,1,1,1,20251214,20261212
121,1,1,1,1,1,1,1,20251214,20261212
122,1,1,1,1,1,1,1,20251214,20261212
123,1,1,1,1,1,1,1,20251214,20261212
124,1,1,1,1,1,1,0,20251214,20261212
125,1,1,1,1,1,0,0,20251214,20261212
126,1,1,1,1,1,1,1,20251214,20261212
127,1,1,1,1,1,1,1,20251214,20261212
128,1,1,1,1,1,1,1,20251214,20261212
129,1,1,1,1,1,0,0,20251214,20261212
130,1,1,1,1,1,0,0,20251214,20261212
131,1,1,1,1,1,0,0,20251214,20261212
132,1,1,1,1,1,0,1,20251214,20261212
133,1,1,1,1,1,1,1,20251214,20261212
134,1,1,1,1,1,1,1,20251214,20261212
135,1,1,1,1,1,1,1,20251214,20261212
136,1,1,1,1,1,0,0,20251214,20261212
137,1,1,1,1,1,1,1,20251214,20261212
138,1,1,1,1,1,1,1,20251214,20261212
139,1,1,1,1,1,0,0,20251214,20261212
140,1,1,1,1,1,0,0,20251214,20261212
141,1,1,1,1,1,1,1,20251214,20261212
142,1,1,1,1,1,1,1,20251214,20261212
143,1,1,1,1,1,0,1,20251214,20261212
144,1,1,1,1,1,1,1,20251214,20261212
145,1,1,1,1,1,1,1,20251214,20261212
146,1,1,1,1,1,1,0,20251214,20261212
147,1,1,1,1,1,1,1,20251214,20261212
148,1,1,1,1,1,1,1,20251214,20261212
149,1,1,1,1,1,1,1,20251214,20261212
150,1,1,1,1,1,1,1,20251214,20261212
151,1,1,1,1,1,0,0,20251214,20261212
152,1,1,1,1,1,1,1,20251214,20261212
153,1,1,1,1,1,0,1,20251214,20261212
154,1,1,1,1,1,1,1,20251214,20261212
155,1,1,1,1,1,1,1,20251214,20261212
156,1,1,1,1,1,1,1,20251214,20261212
157,1,1,1,1,1,1,1,20251214,20261212
158,1,1,1,1,1,1,1,20251214,20261212
159,1,1,1,1,1,1,1,20251214,20261212
160,1,1,1,1,1,0,1,20251214,20261212
161,1,1,1,1,1,1,1,20251214,20261212
162,1,1,1,1,1,0,0,20251214,20261212
163,1,1,1,1,1,1,1,20251214,20261212
164,1,1,1,1,1,0,0,20251214,20261212
165,1,1,1,1,1,0,0,20251214,20261212
166,1,1,1,1,1,1,0,20251214,20261212
167,1,1,1,1,1,0,0,20251214,20261212
168,0,0,0,0,0,1,0,20251214,20261212
169,0,0,0,0,1,1,1,20251214,20261212
170,1,1,1,1,1,0,0,20251214,20261212
171,1,1,1,1,1,0,0,20251214,20261212
172,1,1,1,1,1,1,1,20251214,20261212
173,0,1,1,1,1,1,0,20251214,20261212
174,1,1,1,1,1,1,1,20251214,20261212
175,1,1,1,1,1,0,1,20251214,20261212
176,1,1,1,1,1,1,1,20251214,20261212
177,1,0,0,0,0,0,0,20251214,20261212
178,1,0,0,0,0,1,1,20251214,20261212
179,1,1,1,1,1,0,1,20251214,20261212
180,0,1,1,1,1,0,0,20251214,20261212
181,1,1,1,1,1,0,0,20251214,20261212
182,1,1,1,1,1,0,0,20251214,20261212
183,1,1,1,1,1,0,0,20251214,20261212
184,1,1,1,1,1,1,1,20251214,20261212
185,1,1,1,1,1,1,1,20251214,20261212
186,1,1,1,1,1,1,1,20251214,20261212
187,1,1,1,1,1,0,0,20251214,20261212
188,1,1,1,1,1,0,0,20251214,20261212
189,1,1,1,1,1,1,1,20251214,20261212
190,1,1,1,1,1,0,0,20251214,20261212
191,0,0,0,0,0,1,1,20251214,20261212
192,1,1,1,1,1,1,1,20251214,20261212
193,1,1,1,1,1,1,1,20251214,20261212
194,1,1,1,1,1,0,1,20251214,20261212
195,1,1,1,1,1,0,0,20251214,20261212
196,1,1,1,1,1,1,0,20251214,20261212
197,1,1,1,1,1,0,0,20251214,20261212
198,1,0,0,0,0,1,1,20251214,20261212
199,1,1,1,1,1,1,0,20251214,20261212
200,1,1,1,1,1,0,0,20251214,20261212
201,1,1,1,1,1,0,0,20251214,20261212
202,1,1,1,1,1,1,1,20251214,20261212
203,1,1,1,1,1,1,1,20251214,20261212
